====================================================================================================
M4.2 - the 17:00-17:59 New York bucket: does the daily break exist in both windows?

  XAUDUKA
    year  bars  bars in 17:00-17:59 NY  bars per weekday  weekdays with a 16:15 bar
    2010   14652          492                  89.9           154
    2011   24456          811                  89.7           257
    2012   24200          791                  88.1           252
    2013   23568            0                  85.9           249
    2014   23459            0                  85.6           248
    2015   23593            0                  86.3           250
    2016   23629            0                  86.5           251
    2017   23526            0                  86.2           250
    2018   23532            0                  86.0           249
    2019   23615            0                  86.0           250
    2020   23614            0                  86.0           250
    2021   23626            0                  86.7           251
    2022   23267            0                  85.2           246
    2023   23455            0                  85.9           248
    2024   23641            0                  85.8           249
    2025   23370            0                  85.8           246
    2026    9546            0                  85.2           101

  XAGDUKA
    year  bars  bars in 17:00-17:59 NY  bars per weekday  weekdays with a 16:15 bar
    2010   14649          490                  89.9           154
    2011   24606          792                  89.9           258
    2012   24556          766                  89.3           256
    2013   23562            0                  85.9           249
    2014   23430            0                  85.5           248
    2015   23208            0                  84.9           246
    2016   22969            0                  84.4           245
    2017   23209            0                  85.7           247
    2018   23481            0                  85.6           247
    2019   23491            0                  85.6           247
    2020   23698            0                  86.3           251
    2021   22410            0                  82.7           238
    2022   22280            0                  81.9           236
    2023   22715            0                  84.5           240
    2024   22747            0                  83.3           240
    2025   23542            0                  85.8           248
    2026    9635            0                  86.1           102

  EURDUKA
    year  bars  bars in 17:00-17:59 NY  bars per weekday  weekdays with a 16:15 bar
    2010   14772          612                  89.9           154
    2011   24960         1040                  90.4           260
    2012   25039         1047                  90.2           261
    2013   24901         1040                  89.8           259
    2014   24904         1040                  89.8           259
    2015   24901         1040                  89.8           259
    2016   24958         1040                  90.4           260
    2017   24801         1030                  89.9           258
    2018   24904         1040                  89.8           259
    2019   24892         1032                  89.8           259
    2020   24914         1042                  89.9           259
    2021   24868         1032                  90.4           259
    2022   24944         1024                  90.4           260
    2023   24863         1009                  90.1           259
    2024   24518         1022                  88.4           255
    2025   24893         1038                  89.8           259
    2026   10188          428                  89.6           106

  XAUUSD
    year  bars  bars in 17:00-17:59 NY  bars per weekday  weekdays with a 16:15 bar
    2022   12865            0                  86.0           136
    2023   23560            0                  86.3           249
    2024   23716            0                  86.1           250
    2025   23619            0                  86.0           249
    2026   16826            0                  86.2           177
