====================================================================================================
M4.4 - clock shift scan. A shift that recovers window 1's effect inside window 2
        would be a timezone or session-boundary explanation. +/-7 h is the OTL trap.

  gold window 1  2018-06 -> 2025-04   (unconditional drift +0.03089 $/oz per hour)
   shift h | holds | raw $/oz per hold |     t | minus sample drift |     t
        -8 |  1423 |           +0.0096 | +0.04 |            -0.0439 | -0.20
        -7 |  1423 |           -0.0807 | -0.37 |            -0.1342 | -0.61
        -6 |  1423 |           +0.0589 | +0.39 |            +0.0054 | +0.04
        -5 |  1423 |           -0.0079 | -0.07 |            -0.0635 | -0.56
        -4 |  1423 |           +0.0796 | +0.72 |            +0.0204 | +0.18
        -3 |  1423 |           +0.1440 | +1.22 |            +0.0861 | +0.73
        -2 |  1419 |           +0.1710 | +1.70 |            +0.1189 | +1.18
        -1 |  1419 |           -0.1810 | -2.17 |            -0.2736 | -3.34
        +0 |  1419 |           +0.3453 | +5.16 |            +0.2749 | +4.23
        +1 |  1408 |           +0.6561 | +10.64 |            +0.6160 | +9.98
        +2 |  1408 |           +0.0822 | +1.07 |            +0.0230 | +0.30
        +3 |  1405 |           +0.2124 | +2.14 |            +0.1547 | +1.56
        +4 |  1401 |           +0.2072 | +1.82 |            +0.1531 | +1.35
        +5 |  1401 |           +0.0393 | +0.37 |            -0.0147 | -0.14
        +6 |  1401 |           -0.0228 | -0.69 |            -0.0305 | -0.92
        +7 |  1401 |           -0.0097 | -0.36 |            -0.0174 | -0.65
        +8 |  1423 |           +0.0006 | +0.01 |            -0.0529 | -0.55

  gold window 2  2010-06 -> 2018-06   (unconditional drift +0.00116 $/oz per hour)
   shift h | holds | raw $/oz per hold |     t | minus sample drift |     t
        -8 |  1679 |           -0.3302 | -2.33 |            -0.3323 | -2.34
        -7 |  1679 |           -0.2304 | -1.60 |            -0.2324 | -1.61
        -6 |  1679 |           -0.0513 | -0.44 |            -0.0533 | -0.46
        -5 |  1679 |           +0.0282 | +0.26 |            +0.0261 | +0.24
        -4 |  1679 |           -0.0456 | -0.42 |            -0.0478 | -0.45
        -3 |  1678 |           -0.1424 | -1.43 |            -0.1445 | -1.45
        -2 |  1675 |           -0.0702 | -0.90 |            -0.0721 | -0.92
        -1 |  1675 |           -0.1409 | -2.57 |            -0.1440 | -2.63
        +0 |  1675 |           +0.1780 | +4.26 |            +0.1755 | +4.20
        +1 |  1666 |           +0.4905 | +9.83 |            +0.4887 | +9.80
        +2 |  1666 |           +0.0582 | +0.88 |            +0.0561 | +0.85
        +3 |  1663 |           +0.1393 | +1.76 |            +0.1372 | +1.73
        +4 |  1660 |           +0.3192 | +4.30 |            +0.3171 | +4.27
        +5 |  1660 |           +0.1963 | +3.00 |            +0.1942 | +2.97
        +6 |  1660 |           -0.0256 | -1.02 |            -0.0258 | -1.03
        +7 |  1660 |           +0.0210 | +0.80 |            +0.0207 | +0.79
        +8 |  1679 |           +0.1142 | +1.74 |            +0.1121 | +1.71
