hour-screen pre-check | XAUDUKA-15m 378.749 bars 2010-06-01 -> 2026-05-31
normaliser: DR20 = mean NY daily range (USD) of the PREVIOUS 20 trading days
W1 = 2010-06-01 -> 2018-06-01 | W2 = 2018-06-01 -> 2026-05-31
weekdays only (Mon-Fri on the stated clock); an hour cell needs all 4 of its 15m bars

================================================================================================
CLOCK = NY   (NY = exact fd_core::clock DST rule; UTC = fixed offset)
================================================================================================
valid trading days (>=17 complete hour cells, DR20 available): W1 2027  W2 2036
first/last day W1: 2010-06-28 .. 2018-05-31
first/last day W2: 2018-06-01 .. 2026-05-29

-- W1: per NY hour, units = fraction of DR20 (20-day mean NY daily range, USD) --
 hr     n |   sgn-dem       t       p |   rng-dem       t       p |   sgn-raw       t       p |  rng-raw
  0  2027 |    0,0033    1,79   0,074 |   -0,0756  -43,60   0,000 |    0,0033    1,82   0,069 |   0,1191
  1  2027 |    0,0063    2,81   0,005 |   -0,0502  -27,89   0,000 |    0,0063    2,81   0,005 |   0,1445
  2  2027 |   -0,0100   -3,77   0,000 |   -0,0154   -7,32   0,000 |   -0,0100   -3,71   0,000 |   0,1792
  3  2027 |   -0,0051   -1,62   0,105 |    0,0135    5,65   0,000 |   -0,0051   -1,57   0,116 |   0,2081
  4  2027 |   -0,0040   -1,51   0,132 |   -0,0153   -7,09   0,000 |   -0,0040   -1,48   0,139 |   0,1793
  5  2027 |   -0,0081   -3,19   0,001 |   -0,0180   -9,08   0,000 |   -0,0081   -3,15   0,002 |   0,1766
  6  2027 |   -0,0010   -0,41   0,680 |   -0,0265  -13,66   0,000 |   -0,0010   -0,42   0,678 |   0,1681
  7  2027 |    0,0012    0,42   0,678 |    0,0066    3,22   0,001 |    0,0012    0,41   0,682 |   0,2013
  8  2026 |   -0,0039   -0,72   0,469 |    0,1682   37,73   0,000 |   -0,0039   -0,69   0,491 |   0,3628
  9  2025 |   -0,0142   -2,94   0,003 |    0,1405   40,47   0,000 |   -0,0142   -2,82   0,005 |   0,3352
 10  2027 |    0,0104    2,12   0,034 |    0,1391   36,61   0,000 |    0,0104    2,02   0,043 |   0,3338
 11  2027 |    0,0023    0,61   0,541 |    0,0637   21,85   0,000 |    0,0023    0,60   0,551 |   0,2583
 12  2021 |   -0,0001   -0,03   0,977 |    0,0212    7,68   0,000 |   -0,0001   -0,03   0,976 |   0,2161
 13  1994 |   -0,0003   -0,10   0,918 |    0,0134    5,84   0,000 |   -0,0002   -0,08   0,937 |   0,2089
 14  1991 |   -0,0006   -0,17   0,865 |   -0,0002   -0,05   0,961 |   -0,0006   -0,15   0,879 |   0,1955
 15  1993 |   -0,0004   -0,14   0,892 |   -0,0244  -10,84   0,000 |   -0,0003   -0,11   0,911 |   0,1712
 16  1991 |   -0,0137   -7,46   0,000 |   -0,0802  -57,79   0,000 |   -0,0137   -7,87   0,000 |   0,1153
 17   488 |   -0,0307  -12,59   0,000 |   -0,1037  -38,07   0,000 |   -0,0299  -14,38   0,000 |   0,0885  <- CME daily halt falls here (partial coverage)
 18  1599 |    0,0309   13,09   0,000 |   -0,0568  -33,25   0,000 |    0,0302   13,69   0,000 |   0,1324
 19  1621 |    0,0046    2,00   0,046 |   -0,0591  -31,32   0,000 |    0,0038    1,71   0,088 |   0,1299
 20  1619 |    0,0057    2,01   0,044 |   -0,0255  -11,99   0,000 |    0,0048    1,66   0,096 |   0,1634
 21  1619 |    0,0085    2,79   0,005 |   -0,0196   -7,18   0,000 |    0,0077    2,46   0,014 |   0,1694
 22  1619 |    0,0050    2,00   0,046 |   -0,0612  -28,71   0,000 |    0,0042    1,65   0,100 |   0,1278
 23  1620 |    0,0019    0,84   0,403 |   -0,0749  -27,92   0,000 |    0,0011    0,45   0,651 |   0,1141

-- W2: per NY hour, units = fraction of DR20 (20-day mean NY daily range, USD) --
 hr     n |   sgn-dem       t       p |   rng-dem       t       p |   sgn-raw       t       p |  rng-raw
  0  2036 |   -0,0002   -0,10   0,917 |   -0,0725  -43,45   0,000 |    0,0017    0,85   0,394 |   0,1284
  1  2036 |   -0,0031   -1,23   0,218 |   -0,0338  -17,91   0,000 |   -0,0012   -0,47   0,638 |   0,1671
  2  2036 |    0,0022    0,76   0,445 |    0,0008    0,42   0,673 |    0,0041    1,40   0,162 |   0,2018
  3  2036 |    0,0021    0,68   0,495 |    0,0185    8,75   0,000 |    0,0040    1,27   0,204 |   0,2195
  4  2036 |    0,0007    0,26   0,792 |   -0,0080   -4,10   0,000 |    0,0026    0,94   0,348 |   0,1930
  5  2036 |    0,0002    0,09   0,924 |   -0,0280  -15,10   0,000 |    0,0021    0,86   0,388 |   0,1729
  6  2036 |   -0,0033   -1,24   0,216 |   -0,0264  -12,90   0,000 |   -0,0014   -0,52   0,605 |   0,1745
  7  2036 |   -0,0035   -1,27   0,203 |   -0,0060   -2,97   0,003 |   -0,0016   -0,57   0,570 |   0,1949
  8  2036 |    0,0015    0,29   0,774 |    0,1526   38,02   0,000 |    0,0034    0,62   0,534 |   0,3536
  9  2036 |   -0,0085   -1,69   0,091 |    0,1621   48,32   0,000 |   -0,0066   -1,25   0,211 |   0,3630
 10  2036 |    0,0024    0,44   0,659 |    0,1543   38,94   0,000 |    0,0043    0,76   0,448 |   0,3553
 11  2036 |   -0,0015   -0,41   0,682 |    0,0572   22,47   0,000 |    0,0004    0,11   0,912 |   0,2581
 12  2036 |   -0,0055   -1,88   0,060 |   -0,0031   -1,50   0,132 |   -0,0036   -1,20   0,229 |   0,1979
 13  2013 |   -0,0007   -0,25   0,799 |   -0,0118   -5,73   0,000 |    0,0012    0,43   0,664 |   0,1900
 14  1986 |   -0,0008   -0,26   0,797 |   -0,0217   -6,46   0,000 |    0,0010    0,31   0,754 |   0,1809
 15  1986 |    0,0001    0,03   0,977 |   -0,0418  -20,36   0,000 |    0,0020    0,72   0,474 |   0,1609
 16  1986 |   -0,0094   -4,91   0,000 |   -0,0875  -56,71   0,000 |   -0,0075   -4,15   0,000 |   0,1151
 18  1627 |    0,0272   10,33   0,000 |   -0,0626  -23,96   0,000 |    0,0291   11,30   0,000 |   0,1329
 19  1623 |    0,0064    3,00   0,003 |   -0,0723  -40,84   0,000 |    0,0083    3,92   0,000 |   0,1232
 20  1617 |    0,0025    0,82   0,412 |   -0,0177   -7,03   0,000 |    0,0044    1,41   0,157 |   0,1777
 21  1617 |    0,0003    0,08   0,934 |    0,0073    2,40   0,016 |    0,0022    0,59   0,554 |   0,2027
 22  1616 |   -0,0009   -0,35   0,725 |   -0,0445  -24,69   0,000 |    0,0010    0,40   0,687 |   0,1510
 23  1617 |   -0,0016   -0,78   0,435 |   -0,0724  -38,98   0,000 |    0,0002    0,11   0,915 |   0,1231

-- THE SCREEN: same sign AND p<0,05 in BOTH windows (per hour, per quantity) --
   signed (day-demeaned)     : p<0,05 in W1 11/24, in W2 3/24, same sign 11/24, SURVIVE BOTH 3/24
   range (day-demeaned)      : p<0,05 in W1 22/24, in W2 21/24, same sign 18/24, SURVIVE BOTH 17/24
   signed (raw vs 0)         : p<0,05 in W1 8/24, in W2 3/24, same sign 13/24, SURVIVE BOTH 2/24
   survivors:
     hour 16 sdem: W1 mean -0,0137 p 0,0000 | W2 mean -0,0094 p 0,0000
     hour 18 sdem: W1 mean 0,0309 p 0,0000 | W2 mean 0,0272 p 0,0000
     hour 19 sdem: W1 mean 0,0046 p 0,0455 | W2 mean 0,0064 p 0,0027
     hour 00 rdem: W1 mean -0,0756 p 0,0000 | W2 mean -0,0725 p 0,0000
     hour 01 rdem: W1 mean -0,0502 p 0,0000 | W2 mean -0,0338 p 0,0000
     hour 03 rdem: W1 mean 0,0135 p 0,0000 | W2 mean 0,0185 p 0,0000
     hour 04 rdem: W1 mean -0,0153 p 0,0000 | W2 mean -0,0080 p 0,0000
     hour 05 rdem: W1 mean -0,0180 p 0,0000 | W2 mean -0,0280 p 0,0000
     hour 06 rdem: W1 mean -0,0265 p 0,0000 | W2 mean -0,0264 p 0,0000
     hour 08 rdem: W1 mean 0,1682 p 0,0000 | W2 mean 0,1526 p 0,0000
     hour 09 rdem: W1 mean 0,1405 p 0,0000 | W2 mean 0,1621 p 0,0000
     hour 10 rdem: W1 mean 0,1391 p 0,0000 | W2 mean 0,1543 p 0,0000
     hour 11 rdem: W1 mean 0,0637 p 0,0000 | W2 mean 0,0572 p 0,0000
     hour 15 rdem: W1 mean -0,0244 p 0,0000 | W2 mean -0,0418 p 0,0000
     hour 16 rdem: W1 mean -0,0802 p 0,0000 | W2 mean -0,0875 p 0,0000
     hour 18 rdem: W1 mean -0,0568 p 0,0000 | W2 mean -0,0626 p 0,0000
     hour 19 rdem: W1 mean -0,0591 p 0,0000 | W2 mean -0,0723 p 0,0000
     hour 20 rdem: W1 mean -0,0255 p 0,0000 | W2 mean -0,0177 p 0,0000
     hour 22 rdem: W1 mean -0,0612 p 0,0000 | W2 mean -0,0445 p 0,0000
     hour 23 rdem: W1 mean -0,0749 p 0,0000 | W2 mean -0,0724 p 0,0000
     hour 16 sraw: W1 mean -0,0137 p 0,0000 | W2 mean -0,0075 p 0,0000
     hour 18 sraw: W1 mean 0,0302 p 0,0000 | W2 mean 0,0291 p 0,0000

-- RANKING of the 24 hours (1 = largest). Hour 17 kept but flagged. --
   W1 widest hours (rng-raw):  08(0,363)  09(0,335)  10(0,334)  11(0,258)  12(0,216)  13(0,209)
   W1 narrowest hours:         17(0,089)  23(0,114)  16(0,115)  00(0,119)  22(0,128)  19(0,130)
   W1 largest |signed| hours:  18(0,0302)  17(-0,0299)  09(-0,0142)  16(-0,0137)  10(0,0104)  02(-0,0100)
   W2 widest hours (rng-raw):  09(0,363)  10(0,355)  08(0,354)  11(0,258)  03(0,219)  21(0,203)
   W2 narrowest hours:         16(0,115)  23(0,123)  19(0,123)  00(0,128)  18(0,133)  22(0,151)
   W2 largest |signed| hours:  18(0,0291)  19(0,0083)  16(-0,0075)  09(-0,0066)  20(0,0044)  10(0,0043)

-- rank of each HAND-PICKED window's constituent hours, out of 24 --
   ny-morning  08:00-12:00  W1: range rank 08->1 09->2 10->3 11->4   | |signed| rank 08->14 09->3 10->5 11->17
   ny-morning  08:00-12:00  W2: range rank 08->3 09->1 10->2 11->4   | |signed| rank 08->10 09->4 10->6 11->22
   london-open 02:00-06:00  W1: range rank 02->11 03->7 04->10 05->12   | |signed| rank 02->6 03->10 04->13 05->7
   london-open 02:00-06:00  W2: range rank 02->7 03->5 04->10 05->15   | |signed| rank 02->7 03->8 04->11 05->13
   asia        19:00-02:00  W1: range rank 19->19 20->16 21->14 22->20 23->23 00->21 01->17   | |signed| rank 19->15 20->11 21->8 22->12 23->19 00->16 01->9
   asia        19:00-02:00  W2: range rank 19->21 20->13 21->6 22->18 23->22 00->20 01->16   | |signed| rank 19->2 20->5 21->12 22->21 23->23 00->15 01->18

-- WINDOW-LEVEL: each hand-picked window against ALL 24 contiguous windows of its length --
   ny-morning  08:00-12:00  W1  n=2025
      range  mean 0,673 DR20  -> rank 1/24   (top3: 08h+4 0,673, 07h+4 0,650, 09h+4 0,598)
      |disp| mean -0,0048 DR20 (t -0,48, p 0,629) -> rank 19/24   (top3: 18h+4 0,0456, 17h+4 0,0381, 02h+4 -0,0272)
   ny-morning  08:00-12:00  W2  n=2036
      range  mean 0,690 DR20  -> rank 1/24   (top3: 08h+4 0,690, 07h+4 0,665, 09h+4 0,619)
      |disp| mean 0,0017 DR20 (t 0,16, p 0,873) -> rank 21/24   (top3: 18h+4 0,0430, 17h+4 0,0410, 16h+4 0,0254)
   london-open 02:00-06:00  W1  n=2027
      range  mean 0,383 DR20  -> rank 9/24   (top3: 08h+4 0,673, 07h+4 0,650, 09h+4 0,598)
      |disp| mean -0,0272 DR20 (t -4,79, p 0,000) -> rank 3/24   (top3: 18h+4 0,0456, 17h+4 0,0381, 02h+4 -0,0272)
   london-open 02:00-06:00  W2  n=2036
      range  mean 0,398 DR20  -> rank 8/24   (top3: 08h+4 0,690, 07h+4 0,665, 09h+4 0,619)
      |disp| mean 0,0129 DR20 (t 2,25, p 0,024) -> rank 6/24   (top3: 18h+4 0,0430, 17h+4 0,0410, 16h+4 0,0254)
   asia        19:00-02:00  W1  n=1617
      range  mean 0,385 DR20  -> rank 19/24   (top3: 08h+7 0,790, 07h+7 0,782, 06h+7 0,764)
      |disp| mean 0,0290 DR20 (t 4,28, p 0,000) -> rank 5/24   (top3: 18h+7 0,0522, 17h+7 0,0510, 03h+7 -0,0345)
   asia        19:00-02:00  W2  n=1615
      range  mean 0,422 DR20  -> rank 17/24   (top3: 08h+7 0,791, 07h+7 0,782, 06h+7 0,770)
      |disp| mean 0,0177 DR20 (t 2,57, p 0,010) -> rank 8/24   (top3: 18h+7 0,0466, 17h+7 0,0438, 15h+7 0,0347)

-- all 24 contiguous 4-hour windows (start hour, NY) --
start   n W1   rngW1   dispW1  rkR1  rkD1 |   n W2   rngW2   dispW2  rkR2  rkD2  break
    0   2027   0,342  -0,0055    14    18 |   2036   0,369   0,0085    13     9  
    1   2027   0,369  -0,0129    11    12 |   2036   0,398   0,0095     9     7  
    2   2027   0,383  -0,0272     9     3 |   2036   0,398   0,0129     8     6  
    3   2027   0,375  -0,0181    10     5 |   2036   0,385   0,0073    10    11  
    4   2027   0,365  -0,0118    12    14 |   2036   0,369   0,0018    12    20  
    5   2026   0,491  -0,0114     6    15 |   2036   0,481   0,0027     6    18  
    6   2025   0,572  -0,0174     4     7 |   2036   0,578  -0,0058     4    13  
    7   2025   0,650  -0,0061     2    17 |   2036   0,665  -0,0004     2    24  
    8   2025   0,673  -0,0048     1    19 |   2036   0,690   0,0017     1    21  
    9   2019   0,598  -0,0011     3    22 |   2036   0,619  -0,0053     3    14  
   10   1994   0,531   0,0135     5    11 |   2013   0,531   0,0025     5    19  
   11   1991   0,460   0,0017     7    20 |   1986   0,432  -0,0006     7    23  
   12   1991   0,414  -0,0010     8    23 |   1986   0,374   0,0007    11    22  
   13   1989   0,358  -0,0147    13     8 |   1986   0,331  -0,0031    17    16  
   14   1989   0,287  -0,0143    18     9 |   1986   0,268  -0,0046    21    15  YES
   15   1563   0,239   0,0015    23    21 |   1578   0,234   0,0222    23     4  YES
   16   1561   0,217   0,0100    24    16 |   1573   0,213   0,0254    24     3  YES
   17   1593   0,252   0,0381    22     2 |   1615   0,257   0,0410    22     2  YES
   18   1592   0,310   0,0456    16     1 |   1615   0,335   0,0430    16     1  
   19   1617   0,311   0,0204    15     4 |   1615   0,339   0,0157    15     5  
   20   1618   0,304   0,0178    17     6 |   1616   0,340   0,0073    14    10  
   21   1619   0,276   0,0140    20    10 |   1616   0,315   0,0059    19    12  
   22   1619   0,255   0,0127    21    13 |   1616   0,292   0,0030    20    17  
   23   1620   0,286  -0,0004    19    24 |   1617   0,321   0,0091    18     8  

-- all 24 contiguous 7-hour windows (start hour, NY) --
start   n W1   rngW1   dispW1  rkR1  rkD1 |   n W2   rngW2   dispW2  rkR2  rkD2  break
    0   2027   0,466  -0,0185    12     9 |   2036   0,488   0,0118    11    14  
    1   2027   0,491  -0,0208    11     7 |   2036   0,508   0,0087    10    15  
    2   2026   0,604  -0,0303     9     4 |   2036   0,602   0,0135     9    13  
    3   2025   0,665  -0,0345     7     3 |   2036   0,675   0,0029     7    19  
    4   2025   0,721  -0,0191     5     8 |   2036   0,738   0,0030     5    18  
    5   2025   0,748  -0,0123     4    12 |   2036   0,761   0,0010     4    23  
    6   2019   0,764  -0,0045     3    18 |   2036   0,770  -0,0046     3    17  
    7   1992   0,782  -0,0030     2    19 |   2013   0,782  -0,0020     2    20  
    8   1989   0,790  -0,0051     1    17 |   1986   0,791   0,0004     1    24  
    9   1989   0,706  -0,0017     6    21 |   1986   0,714  -0,0011     6    22  
   10   1989   0,614  -0,0011     8    23 |   1986   0,608  -0,0016     8    21  
   11   1989   0,503  -0,0122    10    13 |   1986   0,474  -0,0063    12    16  YES
   12   1562   0,451  -0,0028    13    20 |   1578   0,414   0,0225    18     7  YES
   13   1559   0,407  -0,0006    17    24 |   1573   0,382   0,0333    23     5  YES
   14   1556   0,382   0,0069    20    16 |   1566   0,376   0,0337    24     4  YES
   15   1557   0,362   0,0177    22    10 |   1566   0,382   0,0347    22     3  YES
   16   1558   0,354   0,0271    24     6 |   1565   0,383   0,0305    21     6  YES
   17   1592   0,360   0,0510    23     2 |   1614   0,390   0,0438    20     2  YES
   18   1592   0,380   0,0522    21     1 |   1614   0,413   0,0466    19     1  
   19   1617   0,385   0,0290    19     5 |   1615   0,422   0,0177    17     8  
   20   1618   0,404   0,0164    18    11 |   1616   0,454   0,0163    16    11  
   21   1619   0,426   0,0116    16    14 |   1616   0,470   0,0164    14     9  
   22   1619   0,431   0,0014    15    22 |   1616   0,468   0,0135    15    12  
   23   1620   0,450  -0,0115    14    15 |   1617   0,473   0,0164    13    10  

================================================================================================
CLOCK = UTC   (NY = exact fd_core::clock DST rule; UTC = fixed offset)
================================================================================================
valid trading days (>=17 complete hour cells, DR20 available): W1 2041  W2 2051
first/last day W1: 2010-06-29 .. 2018-05-31
first/last day W2: 2018-06-01 .. 2026-05-29

-- W1: per NY hour, units = fraction of DR20 (20-day mean NY daily range, USD) --
 hr     n |   sgn-dem       t       p |   rng-dem       t       p |   sgn-raw       t       p |  rng-raw
  0  2038 |   -0,0004   -0,18   0,861 |   -0,0340  -18,53   0,000 |   -0,0006   -0,25   0,804 |   0,1544
  1  2038 |    0,0056    1,79   0,074 |    0,0004    0,13   0,898 |    0,0054    1,67   0,095 |   0,1888
  2  2040 |    0,0096    4,52   0,000 |   -0,0560  -30,30   0,000 |    0,0095    4,39   0,000 |   0,1323
  3  2041 |   -0,0005   -0,23   0,815 |   -0,0756  -38,30   0,000 |   -0,0007   -0,32   0,747 |   0,1127
  4  2041 |   -0,0020   -1,19   0,234 |   -0,0786  -48,80   0,000 |   -0,0022   -1,34   0,181 |   0,1098
  5  2041 |    0,0103    4,68   0,000 |   -0,0510  -31,12   0,000 |    0,0101    4,68   0,000 |   0,1374
  6  2041 |   -0,0016   -0,65   0,518 |   -0,0219  -10,96   0,000 |   -0,0018   -0,71   0,480 |   0,1664
  7  2041 |   -0,0086   -2,94   0,003 |    0,0038    1,74   0,081 |   -0,0087   -2,94   0,003 |   0,1922
  8  2041 |   -0,0057   -2,09   0,036 |   -0,0021   -0,99   0,324 |   -0,0058   -2,11   0,035 |   0,1862
  9  2041 |   -0,0072   -2,94   0,003 |   -0,0165   -8,85   0,000 |   -0,0073   -2,92   0,004 |   0,1719
 10  2041 |   -0,0022   -0,89   0,373 |   -0,0203  -10,60   0,000 |   -0,0023   -0,97   0,333 |   0,1680
 11  2041 |    0,0002    0,08   0,934 |   -0,0026   -1,28   0,200 |    0,0000    0,02   0,986 |   0,1858
 12  2040 |    0,0002    0,04   0,967 |    0,1159   27,64   0,000 |    0,0000    0,01   0,995 |   0,3043
 13  2040 |   -0,0074   -1,53   0,125 |    0,1445   38,87   0,000 |   -0,0075   -1,52   0,129 |   0,3329
 14  2040 |   -0,0058   -1,20   0,229 |    0,1383   38,79   0,000 |   -0,0060   -1,19   0,235 |   0,3266
 15  2041 |    0,0085    2,02   0,043 |    0,0913   27,12   0,000 |    0,0083    1,92   0,055 |   0,2796
 16  2040 |   -0,0003   -0,10   0,918 |    0,0364   12,98   0,000 |   -0,0005   -0,15   0,879 |   0,2247
 17  2017 |    0,0027    0,83   0,406 |    0,0179    7,16   0,000 |    0,0024    0,74   0,461 |   0,2069
 18  1997 |    0,0010    0,30   0,767 |    0,0068    2,06   0,039 |    0,0008    0,24   0,809 |   0,1962
 19  1995 |   -0,0016   -0,50   0,616 |   -0,0111   -4,00   0,000 |   -0,0017   -0,55   0,584 |   0,1783
 20  1994 |   -0,0127   -5,83   0,000 |   -0,0561  -32,09   0,000 |   -0,0129   -5,96   0,000 |   0,1333
 21  1014 |   -0,0139   -6,04   0,000 |   -0,0877  -44,29   0,000 |   -0,0133   -6,28   0,000 |   0,1036  <- CME daily halt falls here (partial coverage)
 22  1189 |    0,0213    8,71   0,000 |   -0,0663  -32,79   0,000 |    0,0202    8,55   0,000 |   0,1181  <- CME daily halt falls here (partial coverage)
 23  1623 |    0,0151    6,62   0,000 |   -0,0609  -34,61   0,000 |    0,0141    6,65   0,000 |   0,1251

-- W2: per NY hour, units = fraction of DR20 (20-day mean NY daily range, USD) --
 hr     n |   sgn-dem       t       p |   rng-dem       t       p |   sgn-raw       t       p |  rng-raw
  0  2051 |   -0,0031   -1,30   0,194 |   -0,0367  -17,58   0,000 |   -0,0011   -0,45   0,649 |   0,1577
  1  2051 |    0,0076    2,26   0,024 |    0,0262   10,11   0,000 |    0,0096    2,78   0,005 |   0,2206
  2  2051 |    0,0029    1,20   0,232 |   -0,0342  -18,52   0,000 |    0,0048    1,98   0,048 |   0,1602
  3  2050 |   -0,0041   -2,11   0,035 |   -0,0650  -41,68   0,000 |   -0,0021   -1,13   0,258 |   0,1295
  4  2051 |   -0,0024   -1,39   0,164 |   -0,0843  -61,77   0,000 |   -0,0004   -0,23   0,817 |   0,1101
  5  2051 |   -0,0016   -0,67   0,503 |   -0,0369  -21,68   0,000 |    0,0004    0,16   0,873 |   0,1576
  6  2051 |    0,0004    0,13   0,896 |   -0,0072   -3,74   0,000 |    0,0023    0,83   0,406 |   0,1873
  7  2051 |    0,0026    0,89   0,374 |    0,0105    5,57   0,000 |    0,0046    1,55   0,122 |   0,2049
  8  2051 |    0,0010    0,36   0,716 |    0,0056    2,83   0,005 |    0,0030    1,04   0,301 |   0,2000
  9  2051 |    0,0009    0,38   0,707 |   -0,0192  -10,78   0,000 |    0,0029    1,15   0,248 |   0,1753
 10  2051 |   -0,0032   -1,25   0,210 |   -0,0252  -13,40   0,000 |   -0,0012   -0,49   0,628 |   0,1692
 11  2051 |   -0,0018   -0,68   0,497 |   -0,0106   -5,44   0,000 |    0,0002    0,07   0,945 |   0,1839
 12  2051 |   -0,0016   -0,35   0,725 |    0,0933   25,07   0,000 |    0,0004    0,09   0,926 |   0,2877
 13  2051 |   -0,0041   -0,83   0,405 |    0,1601   44,69   0,000 |   -0,0021   -0,41   0,679 |   0,3545
 14  2051 |   -0,0002   -0,04   0,967 |    0,1516   44,07   0,000 |    0,0018    0,34   0,737 |   0,3460
 15  2051 |   -0,0053   -1,20   0,230 |    0,0937   26,35   0,000 |   -0,0033   -0,72   0,469 |   0,2881
 16  2051 |   -0,0003   -0,09   0,932 |    0,0170    7,87   0,000 |    0,0017    0,54   0,588 |   0,2114
 17  2038 |   -0,0030   -1,07   0,286 |   -0,0086   -4,16   0,000 |   -0,0010   -0,36   0,718 |   0,1863
 18  2000 |   -0,0010   -0,33   0,738 |   -0,0143   -4,81   0,000 |    0,0009    0,32   0,749 |   0,1815
 19  1986 |   -0,0011   -0,37   0,715 |   -0,0320  -12,56   0,000 |    0,0008    0,26   0,794 |   0,1642
 20  1986 |   -0,0072   -3,15   0,002 |   -0,0659  -34,93   0,000 |   -0,0053   -2,32   0,020 |   0,1303
 21   669 |   -0,0039   -1,18   0,239 |   -0,0913  -37,20   0,000 |   -0,0013   -0,41   0,679 |   0,1127  <- CME daily halt falls here (partial coverage)
 22  1074 |    0,0221    8,16   0,000 |   -0,0662  -22,24   0,000 |    0,0235    9,01   0,000 |   0,1219  <- CME daily halt falls here (partial coverage)
 23  1626 |    0,0175    7,12   0,000 |   -0,0718  -31,50   0,000 |    0,0194    7,82   0,000 |   0,1202

-- THE SCREEN: same sign AND p<0,05 in BOTH windows (per hour, per quantity) --
   signed (day-demeaned)     : p<0,05 in W1 10/24, in W2 5/24, same sign 14/24, SURVIVE BOTH 3/24
   range (day-demeaned)      : p<0,05 in W1 20/24, in W2 24/24, same sign 21/24, SURVIVE BOTH 18/24
   signed (raw vs 0)         : p<0,05 in W1 9/24, in W2 5/24, same sign 15/24, SURVIVE BOTH 4/24
   survivors:
     hour 20 sdem: W1 mean -0,0127 p 0,0000 | W2 mean -0,0072 p 0,0017
     hour 22 sdem: W1 mean 0,0213 p 0,0000 | W2 mean 0,0221 p 0,0000
     hour 23 sdem: W1 mean 0,0151 p 0,0000 | W2 mean 0,0175 p 0,0000
     hour 00 rdem: W1 mean -0,0340 p 0,0000 | W2 mean -0,0367 p 0,0000
     hour 02 rdem: W1 mean -0,0560 p 0,0000 | W2 mean -0,0342 p 0,0000
     hour 03 rdem: W1 mean -0,0756 p 0,0000 | W2 mean -0,0650 p 0,0000
     hour 04 rdem: W1 mean -0,0786 p 0,0000 | W2 mean -0,0843 p 0,0000
     hour 05 rdem: W1 mean -0,0510 p 0,0000 | W2 mean -0,0369 p 0,0000
     hour 06 rdem: W1 mean -0,0219 p 0,0000 | W2 mean -0,0072 p 0,0002
     hour 09 rdem: W1 mean -0,0165 p 0,0000 | W2 mean -0,0192 p 0,0000
     hour 10 rdem: W1 mean -0,0203 p 0,0000 | W2 mean -0,0252 p 0,0000
     hour 12 rdem: W1 mean 0,1159 p 0,0000 | W2 mean 0,0933 p 0,0000
     hour 13 rdem: W1 mean 0,1445 p 0,0000 | W2 mean 0,1601 p 0,0000
     hour 14 rdem: W1 mean 0,1383 p 0,0000 | W2 mean 0,1516 p 0,0000
     hour 15 rdem: W1 mean 0,0913 p 0,0000 | W2 mean 0,0937 p 0,0000
     hour 16 rdem: W1 mean 0,0364 p 0,0000 | W2 mean 0,0170 p 0,0000
     hour 19 rdem: W1 mean -0,0111 p 0,0001 | W2 mean -0,0320 p 0,0000
     hour 20 rdem: W1 mean -0,0561 p 0,0000 | W2 mean -0,0659 p 0,0000
     hour 21 rdem: W1 mean -0,0877 p 0,0000 | W2 mean -0,0913 p 0,0000
     hour 22 rdem: W1 mean -0,0663 p 0,0000 | W2 mean -0,0662 p 0,0000
     hour 23 rdem: W1 mean -0,0609 p 0,0000 | W2 mean -0,0718 p 0,0000
     hour 02 sraw: W1 mean 0,0095 p 0,0000 | W2 mean 0,0048 p 0,0483
     hour 20 sraw: W1 mean -0,0129 p 0,0000 | W2 mean -0,0053 p 0,0203
     hour 22 sraw: W1 mean 0,0202 p 0,0000 | W2 mean 0,0235 p 0,0000
     hour 23 sraw: W1 mean 0,0141 p 0,0000 | W2 mean 0,0194 p 0,0000

-- RANKING of the 24 hours (1 = largest). Hour 17 kept but flagged. --
   W1 widest hours (rng-raw):  13(0,333)  14(0,327)  12(0,304)  15(0,280)  16(0,225)  17(0,207)
   W1 narrowest hours:         21(0,104)  04(0,110)  03(0,113)  22(0,118)  23(0,125)  02(0,132)
   W1 largest |signed| hours:  22(0,0202)  23(0,0141)  21(-0,0133)  20(-0,0129)  05(0,0101)  02(0,0095)
   W2 widest hours (rng-raw):  13(0,354)  14(0,346)  15(0,288)  12(0,288)  01(0,221)  16(0,211)
   W2 narrowest hours:         04(0,110)  21(0,113)  23(0,120)  22(0,122)  03(0,129)  20(0,130)
   W2 largest |signed| hours:  22(0,0235)  23(0,0194)  01(0,0096)  20(-0,0053)  02(0,0048)  07(0,0046)

-- rank of each HAND-PICKED window's constituent hours, out of 24 --
   ny-morning  08:00-12:00  W1: range rank 08->10 09->13 10->14 11->11   | |signed| rank 08->12 09->10 10->15 11->23
   ny-morning  08:00-12:00  W2: range rank 08->8 09->13 10->14 11->11   | |signed| rank 08->8 09->9 10->16 11->24
   london-open 02:00-06:00  W1: range rank 02->19 03->22 04->23 05->17   | |signed| rank 02->6 03->20 04->16 05->5
   london-open 02:00-06:00  W2: range rank 02->16 03->20 04->24 05->18   | |signed| rank 02->5 03->11 04->23 05->22
   asia        19:00-02:00  W1: range rank 19->12 20->18 21->24 22->21 23->20 00->16 01->9   | |signed| rank 19->18 20->4 21->3 22->1 23->2 00->21 01->13
   asia        19:00-02:00  W2: range rank 19->15 20->19 21->23 22->21 23->22 00->17 01->5   | |signed| rank 19->20 20->4 21->15 22->1 23->2 00->17 01->3

-- WINDOW-LEVEL: each hand-picked window against ALL 24 contiguous windows of its length --
   ny-morning  08:00-12:00  W1  n=2041
      range  mean 0,361 DR20  -> rank 12/24   (top3: 12h+4 0,650, 11h+4 0,608, 13h+4 0,607)
      |disp| mean -0,0154 DR20 (t -2,93, p 0,003) -> rank 7/24   (top3: 23h+4 0,0321, 07h+4 -0,0242, 06h+4 -0,0238)
   ny-morning  08:00-12:00  W2  n=2051
      range  mean 0,368 DR20  -> rank 12/24   (top3: 12h+4 0,666, 13h+4 0,631, 11h+4 0,619)
      |disp| mean 0,0049 DR20 (t 0,91, p 0,363) -> rank 11/24   (top3: 23h+4 0,0288, 20h+4 0,0267, 22h+4 0,0265)
   london-open 02:00-06:00  W1  n=2040
      range  mean 0,247 DR20  -> rank 21/24   (top3: 12h+4 0,650, 11h+4 0,608, 13h+4 0,607)
      |disp| mean 0,0169 DR20 (t 4,05, p 0,000) -> rank 5/24   (top3: 23h+4 0,0321, 07h+4 -0,0242, 06h+4 -0,0238)
   london-open 02:00-06:00  W2  n=2050
      range  mean 0,286 DR20  -> rank 20/24   (top3: 12h+4 0,666, 13h+4 0,631, 11h+4 0,619)
      |disp| mean 0,0024 DR20 (t 0,56, p 0,577) -> rank 18/24   (top3: 23h+4 0,0288, 20h+4 0,0267, 22h+4 0,0265)
   asia        19:00-02:00  W1  n=1583
      range  mean 0,362 DR20  -> rank 21/24   (top3: 12h+7 0,771, 11h+7 0,760, 10h+7 0,741)
      |disp| mean 0,0084 DR20 (t 1,39, p 0,165) -> rank 15/24   (top3: 23h+7 0,0383, 21h+7 0,0327, 07h+7 -0,0312)
   asia        19:00-02:00  W2  n=1566
      range  mean 0,373 DR20  -> rank 21/24   (top3: 12h+7 0,770, 11h+7 0,759, 10h+7 0,749)
      |disp| mean 0,0334 DR20 (t 4,77, p 0,000) -> rank 2/24   (top3: 20h+7 0,0344, 19h+7 0,0334, 23h+7 0,0291)

-- all 24 contiguous 4-hour windows (start hour, NY) --
start   n W1   rngW1   dispW1  rkR1  rkD1 |   n W2   rngW2   dispW2  rkR2  rkD2  break
    0   2037   0,314   0,0138    15     9 |   2050   0,348   0,0110    13     7  
    1   2038   0,287   0,0122    18    13 |   2050   0,327   0,0115    17     6  
    2   2040   0,247   0,0169    21     5 |   2050   0,286   0,0024    20    18  
    3   2041   0,271   0,0054    20    18 |   2050   0,302   0,0001    18    24  
    4   2041   0,316  -0,0026    14    23 |   2051   0,340   0,0068    14    10  
    5   2041   0,355  -0,0064    13    17 |   2051   0,382   0,0102    10     8  
    6   2041   0,369  -0,0238    10     3 |   2051   0,389   0,0128     8     5  
    7   2041   0,369  -0,0242    11     2 |   2051   0,380   0,0092    11     9  
    8   2041   0,361  -0,0154    12     7 |   2051   0,368   0,0049    12    11  
    9   2040   0,442  -0,0094     7    16 |   2051   0,427   0,0025     7    17  
   10   2040   0,531  -0,0094     5    15 |   2051   0,528  -0,0025     5    16  
   11   2039   0,608  -0,0129     2    11 |   2051   0,619   0,0004     3    23  
   12   2039   0,650  -0,0047     1    22 |   2051   0,666  -0,0031     1    15  
   13   2038   0,607  -0,0054     3    19 |   2051   0,631  -0,0019     2    20  
   14   2015   0,544   0,0049     4    21 |   2038   0,545  -0,0008     4    22  
   15   1996   0,474   0,0125     6    12 |   2000   0,456  -0,0016     6    21  
   16   1993   0,422   0,0018     8    24 |   1986   0,384   0,0019     9    19  
   17   1992   0,372  -0,0108     9    14 |   1986   0,339  -0,0047    15    12  
   18   1992   0,303  -0,0136    17    10 |   1986   0,279  -0,0037    21    14  YES
   19   1993   0,223  -0,0144    22     8 |   1986   0,209  -0,0046    22    13  YES
   20   1590   0,200   0,0050    23    20 |   1577   0,195   0,0267    23     2  YES
   21   1617   0,199   0,0166    24     6 |   1615   0,195   0,0208    24     4  YES
   22   1616   0,276   0,0224    19     4 |   1615   0,294   0,0265    19     3  YES
   23   1616   0,310   0,0321    16     1 |   1615   0,335   0,0288    16     1  

-- all 24 contiguous 7-hour windows (start hour, NY) --
start   n W1   rngW1   dispW1  rkR1  rkD1 |   n W2   rngW2   dispW2  rkR2  rkD2  break
    0   2037   0,405   0,0200    17     8 |   2050   0,447   0,0132    16     9  
    1   2038   0,419   0,0119    15    13 |   2050   0,463   0,0187    13     8  
    2   2040   0,414   0,0006    16    22 |   2050   0,453   0,0123    15    10  
    3   2041   0,428  -0,0166    14    10 |   2050   0,457   0,0105    14    14  
    4   2041   0,449  -0,0181    12     9 |   2051   0,470   0,0114    12    13  
    5   2041   0,475  -0,0160    11    11 |   2051   0,493   0,0121    11    12  
    6   2040   0,557  -0,0257     9     6 |   2051   0,554   0,0123     9    11  
    7   2040   0,629  -0,0312     8     3 |   2051   0,631   0,0080     7    15  
    8   2039   0,684  -0,0284     6     5 |   2051   0,697   0,0051     6    17  
    9   2039   0,721  -0,0141     4    12 |   2051   0,735  -0,0011     4    24  
   10   2038   0,741  -0,0073     3    17 |   2051   0,749  -0,0022     3    20  
   11   2014   0,760  -0,0024     2    18 |   2038   0,759  -0,0021     2    21  
   12   1994   0,771  -0,0005     1    23 |   2000   0,770  -0,0014     1    23  
   13   1991   0,718  -0,0023     5    20 |   1986   0,726  -0,0018     5    22  
   14   1990   0,637  -0,0083     7    16 |   1986   0,629  -0,0050     8    18  
   15   1991   0,530  -0,0024    10    19 |   1986   0,505  -0,0067    10    16  YES
   16   1991   0,442  -0,0109    13    14 |   1986   0,404  -0,0034    18    19  YES
   17   1588   0,405   0,0003    18    24 |   1577   0,374   0,0288    20     4  YES
   18   1582   0,375   0,0016    20    21 |   1566   0,357   0,0288    24     5  YES
   19   1583   0,362   0,0084    21    15 |   1566   0,373   0,0334    21     2  YES
   20   1584   0,345   0,0246    23     7 |   1566   0,370   0,0344    22     1  YES
   21   1616   0,333   0,0327    24     2 |   1614   0,360   0,0278    23     7  YES
   22   1616   0,352   0,0296    22     4 |   1614   0,378   0,0280    19     6  YES
   23   1616   0,379   0,0383    19     1 |   1614   0,410   0,0291    17     3  

================================================================================================
MULTIPLE-TEST LEDGER (declared 288 p-values before the first line of code)
{
  "ny": {
    "sdem": {
      "hits_W1": 11,
      "hits_W2": 3,
      "same_sign": 11,
      "survivors": 3
    },
    "rdem": {
      "hits_W1": 22,
      "hits_W2": 21,
      "same_sign": 18,
      "survivors": 17
    },
    "sraw": {
      "hits_W1": 8,
      "hits_W2": 3,
      "same_sign": 13,
      "survivors": 2
    }
  },
  "utc": {
    "sdem": {
      "hits_W1": 10,
      "hits_W2": 5,
      "same_sign": 14,
      "survivors": 3
    },
    "rdem": {
      "hits_W1": 20,
      "hits_W2": 24,
      "same_sign": 21,
      "survivors": 18
    },
    "sraw": {
      "hits_W1": 9,
      "hits_W2": 5,
      "same_sign": 15,
      "survivors": 4
    }
  }
}
