data root: E:/rust/flowdesk/data-sealed
bars:      XAUDUKA-15m 362803 from 2010-06-01 00:00:00+00:00 to 2025-09-22 23:45:00+00:00
spread:    0.28 points per round trip (configured)

== range and continuation by hour of day (UTC) ==
absf = mean |close[t+h]-close[t]|, points.  cont = mean sign(r_t)*(close[t+h]-close[t]), points.
  h    bars    atr96    absf4     cont1      t1     cont4      t4     cont8      t8
  0   15745    2.052    2.196   -0.0064   -0.49   -0.0415   -1.44   -0.0676   -1.92
  1   15748    2.070    1.761    0.0212    1.61    0.0545    2.15    0.0552    1.67
  2   15754    2.061    1.445   -0.0106   -1.01    0.0167    0.84    0.0368    1.44
  3   15755    2.050    1.174   -0.0196   -2.30   -0.0259   -1.68   -0.0399   -1.73
  4   15756    2.039    1.385   -0.0153   -1.92   -0.0103   -0.57    0.0185    0.58
  5   15756    2.044    1.906    0.0202    1.80    0.0159    0.64   -0.0192   -0.56
  6   15756    2.062    2.048   -0.0104   -0.83   -0.0562   -2.20   -0.0559   -1.64
  7   15756    2.070    2.134    0.0135    1.00   -0.0065   -0.26   -0.0007   -0.02
  8   15756    2.072    1.887   -0.0125   -1.06   -0.0362   -1.65   -0.0509   -1.61
  9   15756    2.066    1.805   -0.0353   -3.12   -0.0385   -1.75   -0.0263   -0.88
 10   15755    2.063    1.880   -0.0328   -2.81   -0.0324   -1.31   -0.0351   -0.84
 11   15756    2.065    2.731   -0.0241   -1.80   -0.0278   -0.81    0.0582    1.09
 12   15755    2.090    3.479   -0.0045   -0.22   -0.0098   -0.23   -0.0115   -0.19
 13   15753    2.121    3.805   -0.0415   -1.78    0.0013    0.03   -0.0146   -0.24
 14   15752    2.131    3.264    0.0006    0.03    0.0547    1.40    0.0709    1.39
 15   15754    2.113    2.512    0.0032    0.19   -0.0240   -0.81   -0.0192   -0.48
 16   15753    2.086    2.159   -0.0182   -1.34   -0.0194   -0.70   -0.0415   -1.14
 17   15628    2.078    2.007    0.0055    0.41   -0.0262   -0.95   -0.0132   -0.35
 18   15471    2.078    1.899   -0.0190   -1.45   -0.0025   -0.10   -0.0216   -0.71
 19   15361    2.074    1.495   -0.0104   -0.94   -0.0334   -1.75   -0.0673   -2.07
 20   15340    2.062    1.520   -0.0686   -5.43   -0.1298   -5.14   -0.1659   -5.00
 21    6499    1.983    1.525   -0.0661   -4.04   -0.1338   -4.05   -0.0939   -2.24
 22   10963    2.128    1.265   -0.0530   -3.96   -0.1333   -5.92   -0.1386   -3.90
 23   15725    2.046    1.630   -0.0073   -0.67   -0.0201   -0.86    0.0696    1.73

== mean true range of the bar itself, by hour (points) — the cost denominator ==
            n  meanAbsR
hour                   
0     15745.0  0.856154
1     15748.0  1.096821
2     15754.0  0.786864
3     15755.0  0.664969
4     15756.0  0.593193
5     15756.0  0.781949
6     15756.0  0.953113
7     15756.0  1.068541
8     15756.0  1.045350
9     15756.0  0.921700
10    15755.0  0.922230
11    15756.0  1.003596
12    15755.0  1.531100
13    15753.0  1.806935
14    15752.0  1.787438
15    15754.0  1.489408
16    15753.0  1.137972
17    15628.0  1.041223
18    15471.0  0.997831
19    15361.0  0.921820
20    15340.0  0.691052
21     6499.0  0.516900
22    10963.0  0.852741
23    15725.0  0.736784
