data root: E:/rust/flowdesk/data-sealed
bars:      XAUDUKA-15m 362803 from 2010-06-01 00:00:00+00:00 to 2025-09-22 23:45:00+00:00
forward:   8 bars held.  spread 0.28 points per round trip

== the cell: 19-23 UTC, |z| 0.5-2, thin < 1, forward window free of halt and weekend ==
All columns in ATR units. netN = openFill minus the round trip: what the engine can be paid.
           slice       n  closeFil      t  openFill      t  gapOnly  sprd/atr      netN  atrPts
    whole window    4321   0.15451   6.28   0.15306   6.22  0.00157   0.13608   0.01698   2.058
            2010     449   0.19206   2.92   0.18913   2.87 -0.00063   0.16466   0.02448   1.701
            2011     723   0.18144   3.65   0.18143   3.65  0.00074   0.11072   0.07071   2.529
            2012     595   0.17739   3.39   0.17251   3.28  0.00673   0.14711   0.02540   1.903
            2013     246  -0.04575  -0.37  -0.04049  -0.32 -0.00578   0.13427  -0.17476   2.085
            2014     196   0.10068   0.98   0.09730   0.95  0.00353   0.18851  -0.09122   1.485
            2015     177   0.07531   0.61   0.07575   0.62  0.00225   0.20392  -0.12817   1.373
            2016     204   0.31263   2.19   0.31129   2.18 -0.00053   0.17282   0.13847   1.620
            2017     229   0.24087   2.34   0.24010   2.33  0.00021   0.24471  -0.00461   1.144
            2018     249   0.06476   0.75   0.06281   0.72  0.00208   0.25195  -0.18914   1.111
            2019     212   0.22039   1.69   0.21996   1.69  0.00284   0.20112   0.01884   1.392
            2020     220   0.24857   1.92   0.24640   1.91  0.00216   0.09041   0.15599   3.097
            2021     178   0.09091   0.74   0.08963   0.73  0.00203   0.12865  -0.03903   2.176
            2022     148   0.18777   1.27   0.18794   1.28  0.00136   0.12295   0.06499   2.277
            2023     165   0.28172   1.59   0.28081   1.58  0.00071   0.13435   0.14645   2.084
            2024     162   0.13703   1.23   0.13276   1.19  0.00259   0.09973   0.03303   2.808
            2025     168  -0.15643  -1.14  -0.15741  -1.15  0.00124   0.06266  -0.22007   4.468

== and on every other hour block, for contrast (openFill) ==
           slice       n  closeFil      t  openFill      t  gapOnly  sprd/atr      netN  atrPts
          h00-06   20344   0.03207   2.71   0.03149   2.66  0.00034   0.13629  -0.10480   2.054
          h07-11   15880   0.00153   0.09   0.00040   0.02  0.00000   0.13506  -0.13466   2.073
          h12-16   10122  -0.00963  -0.33  -0.00931  -0.32 -0.00020   0.13008  -0.13938   2.153
          h17-18    4882   0.02594   0.85   0.02579   0.85  0.00027   0.13565  -0.10986   2.064
          h19-23    4321   0.15451   6.28   0.15306   6.22  0.00157   0.13608   0.01698   2.058
