THE SCALING CLAIM, GUARDS OFF: is E and Lbar exactly 1/f, with the trade set held fixed?
f = riskDailyRanges (sizing stop in mean New York-day ranges over 20 days).  check-off:
  E x f and Lbar x f must be CONSTANT down the column if R is price/stop and the clock is the exit.

-- is-fixed-guards-off c1815
   f            n   PF_usd     PF_r         E     E x f      Lbar Lbar x f    ddUSD     dd% exits
   4.000     1355   1.2710   1.2671   +0.0020   0.00800    0.0058  0.02320    79.10    0.77 window closed 1355
   2.000     1355   1.2720   1.2708   +0.0030   0.00600    0.0115  0.02300   158.94    1.52 window closed 1355
   1.000     1355   1.2740   1.2694   +0.0060   0.00600    0.0230  0.02300   320.31    2.94 window closed 1355
   0.500     1355   1.2780   1.2714   +0.0120   0.00600    0.0456  0.02280   649.67    5.48 window closed 1355
   0.300     1355   1.2840   1.2724   +0.0210   0.00630    0.0754  0.02262  1101.87    8.32 window closed 1355
   0.250     1355   1.2870   1.2721   +0.0250   0.00625    0.0901  0.02252  1332.87    9.54 window closed 1355
   0.180     1355   1.2930   1.2731   +0.0340   0.00612    0.1239  0.02230  1885.13   11.93 window closed 1355
   0.120     1355   1.3050   1.2752   +0.0500   0.00600    0.1827  0.02192  2911.64   14.92 window closed 1355
   0.090     1355   1.3150   1.2766   +0.0660   0.00594    0.2395  0.02155  3984.06   16.71 window closed 1355
   0.060     1355   1.3350   1.2801   +0.0980   0.00588    0.3480  0.02088  6246.77   18.02 window closed 1355

-- is-fixed-guards-off c2000
   f            n   PF_usd     PF_r         E     E x f      Lbar Lbar x f    ddUSD     dd% exits
   4.000     1355   1.2470   1.2502   +0.0030   0.01200    0.0105  0.04200   161.94    1.56 END_OF_DATA 1, window closed 1354
   2.000     1355   1.2480   1.2454   +0.0050   0.01000    0.0210  0.04200   327.27    3.05 END_OF_DATA 1, window closed 1354
   1.000     1355   1.2500   1.2464   +0.0100   0.01000    0.0419  0.04190   666.45    5.80 END_OF_DATA 1, window closed 1354
   0.500     1355   1.2550   1.2461   +0.0210   0.01050    0.0832  0.04160  1374.81   10.45 END_OF_DATA 1, window closed 1354
   0.300     1355   1.2620   1.2468   +0.0340   0.01020    0.1376  0.04128  2379.02   15.20 END_OF_DATA 1, window closed 1354
   0.250     1355   1.2660   1.2470   +0.0410   0.01025    0.1643  0.04108  2904.15   17.07 END_OF_DATA 1, window closed 1354
   0.180     1355   1.2740   1.2476   +0.0560   0.01008    0.2261  0.04070  4186.52   20.36 END_OF_DATA 1, window closed 1354
   0.120     1355   1.2890   1.2486   +0.0830   0.00996    0.3334  0.04001  6645.50   23.55 END_OF_DATA 1, window closed 1354
   0.090     1355   1.3040   1.2498   +0.1090   0.00981    0.4371  0.03934  9286.36   24.58 END_OF_DATA 1, window closed 1354
   0.060     1355   1.3310   1.2523   +0.1600   0.00960    0.6351  0.03811 15029.33   23.67 END_OF_DATA 1, window closed 1354

-- is-fixed-guards-off c2200
   f            n   PF_usd     PF_r         E     E x f      Lbar Lbar x f    ddUSD     dd% exits
   4.000     1355   1.2520   1.2467   +0.0040   0.01600    0.0176  0.07040   124.83    1.18 END_OF_DATA 1, window closed 1354
   2.000     1355   1.2550   1.2487   +0.0090   0.01800    0.0351  0.07020   254.41    2.26 END_OF_DATA 1, window closed 1354
   1.000     1355   1.2630   1.2478   +0.0170   0.01700    0.0701  0.07010   522.29    4.14 END_OF_DATA 1, window closed 1354
   0.500     1355   1.2800   1.2484   +0.0350   0.01750    0.1393  0.06965  1096.98    6.95 END_OF_DATA 1, window closed 1354
   0.300     1355   1.3040   1.2483   +0.0570   0.01710    0.2302  0.06906  1935.07    9.21 END_OF_DATA 1, window closed 1354
   0.250     1355   1.3170   1.2486   +0.0680   0.01700    0.2750  0.06875  2381.70    9.89 END_OF_DATA 1, window closed 1354
   0.180     1355   1.3480   1.2488   +0.0940   0.01692    0.3783  0.06809  3485.45   10.65 END_OF_DATA 1, window closed 1354
   0.120     1355   1.4090   1.2495   +0.1390   0.01668    0.5579  0.06695  5624.68   10.41 END_OF_DATA 1, window closed 1354
   0.090     1355   1.4760   1.2499   +0.1830   0.01647    0.7318  0.06586  7892.69    9.33 END_OF_DATA 1, window closed 1354
   0.060     1355   1.6160   1.2507   +0.2670   0.01602    1.0638  0.06383 16016.60    8.91 END_OF_DATA 1, window closed 1354

-- is-fixed-guards-off c1400
   f            n   PF_usd     PF_r         E     E x f      Lbar Lbar x f    ddUSD     dd% exits
   4.000     1375   0.7530   0.7580   -0.0040  -0.01600    0.0156  0.06240   629.57    6.30 window closed 1375
   2.000     1375   0.7500   0.7579   -0.0070  -0.01400    0.0311  0.06220  1220.99   12.21 window closed 1375
   1.000     1375   0.7440   0.7577   -0.0150  -0.01500    0.0619  0.06190  2292.98   22.93 window closed 1375
   0.500     1375   0.7310   0.7580   -0.0300  -0.01500    0.1230  0.06150  4052.44   40.52 window closed 1375
   0.300     1375   0.7130   0.7587   -0.0490  -0.01470    0.2031  0.06093  5781.24   57.81 window closed 1375
   0.250     1375   0.7040   0.7592   -0.0580  -0.01450    0.2426  0.06065  6443.51   64.44 window closed 1375
   0.180     1375   0.6830   0.7600   -0.0800  -0.01440    0.3334  0.06001  7606.25   76.06 window closed 1375
   0.120     1375   0.6470   0.7616   -0.1170  -0.01404    0.4908  0.05890  8809.99   88.10 window closed 1375
   0.090     1375   0.6130   0.7632   -0.1520  -0.01368    0.6426  0.05783  9401.93   94.02 window closed 1375
   0.060     1375   0.5510   0.7661   -0.2180  -0.01308    0.9307  0.05584  9844.19   98.44 window closed 1375

-- oos-fixed-guards-off c1815
   f            n   PF_usd     PF_r         E     E x f      Lbar Lbar x f    ddUSD     dd% exits
   4.000      284   1.3250   1.2675   +0.0020   0.00800    0.0091  0.03640     1.06    1.03 window closed 284
   2.000      284   1.3250   1.2675   +0.0050   0.01000    0.0182  0.03640     1.06    1.03 window closed 284
   1.000      284   1.2790   1.2670   +0.0100   0.01000    0.0364  0.03640     1.11    1.08 window closed 284
   0.500      284   1.2690   1.2675   +0.0190   0.00950    0.0728  0.03640     2.34    2.23 window closed 284
   0.300      284   1.2500   1.2669   +0.0320   0.00960    0.1211  0.03633     4.62    4.26 window closed 284
   0.250      284   1.2490   1.2673   +0.0390   0.00975    0.1452  0.03630     5.30    4.79 window closed 284
   0.180      284   1.2640   1.2676   +0.0540   0.00972    0.2011  0.03620     7.99    6.88 window closed 284
   0.120      284   1.2600   1.2677   +0.0800   0.00960    0.3000  0.03600    11.93    9.50 window closed 284
   0.090      284   1.2480   1.2682   +0.1070   0.00963    0.3979  0.03581    15.49   11.57 window closed 284
   0.060      284   1.2400   1.2689   +0.1590   0.00954    0.5907  0.03544    25.53   16.80 window closed 284

-- oos-fixed-guards-off c2000
   f            n   PF_usd     PF_r         E     E x f      Lbar Lbar x f    ddUSD     dd% exits
   4.000      284   1.7120   1.5800   +0.0090   0.03600    0.0146  0.05840     1.44    1.30 window closed 284
   2.000      284   1.7120   1.5824   +0.0170   0.03400    0.0292  0.05840     1.44    1.30 window closed 284
   1.000      284   1.6940   1.5815   +0.0340   0.03400    0.0585  0.05850     1.44    1.30 window closed 284
   0.500      284   1.5660   1.5811   +0.0680   0.03400    0.1168  0.05840     2.83    2.44 window closed 284
   0.300      284   1.5800   1.5807   +0.1130   0.03390    0.1942  0.05826     5.61    4.27 window closed 284
   0.250      284   1.6050   1.5807   +0.1350   0.03375    0.2328  0.05820     7.88    5.57 window closed 284
   0.180      284   1.6180   1.5809   +0.1870   0.03366    0.3225  0.05805    12.70    7.77 window closed 284
   0.120      284   1.6010   1.5807   +0.2800   0.03360    0.4816  0.05779    24.36   11.84 window closed 284
   0.090      284   1.5900   1.5808   +0.3710   0.03339    0.6391  0.05752    39.01   15.43 window closed 284
   0.060      284   1.5970   1.5808   +0.5520   0.03312    0.9498  0.05699    85.84   22.13 window closed 284

-- oos-fixed-guards-off c2200
   f            n   PF_usd     PF_r         E     E x f      Lbar Lbar x f    ddUSD     dd% exits
   4.000      284   1.4070   1.3357   +0.0080   0.03200    0.0247  0.09880     4.00    3.58 window closed 284
   2.000      284   1.4070   1.3359   +0.0170   0.03400    0.0493  0.09860     4.00    3.58 window closed 284
   1.000      284   1.3710   1.3362   +0.0330   0.03300    0.0985  0.09850     4.00    3.58 window closed 284
   0.500      284   1.3080   1.3356   +0.0660   0.03300    0.1968  0.09840     7.21    6.12 window closed 284
   0.300      284   1.3330   1.3355   +0.1100   0.03300    0.3273  0.09819    14.55   10.72 window closed 284
   0.250      284   1.3240   1.3353   +0.1320   0.03300    0.3923  0.09807    20.05   13.67 window closed 284
   0.180      284   1.2900   1.3350   +0.1820   0.03276    0.5435  0.09783    32.65   19.53 window closed 284
   0.120      284   1.2840   1.3344   +0.2710   0.03252    0.8117  0.09740    60.65   28.04 window closed 284
   0.090      284   1.2680   1.3338   +0.3600   0.03240    1.0775  0.09697    98.53   35.96 window closed 284
   0.060      284   1.2230   1.3326   +0.5330   0.03198    1.6022  0.09613   196.13   49.57 window closed 284

-- oos-fixed-guards-off c1400
   f            n   PF_usd     PF_r         E     E x f      Lbar Lbar x f    ddUSD     dd% exits
   4.000      291   0.8960   0.9123   -0.0020  -0.00800    0.0175  0.07000     4.59    4.47 window closed 291
   2.000      291   0.8960   0.9150   -0.0030  -0.00600    0.0349  0.06980     4.59    4.47 window closed 291
   1.000      291   0.8550   0.9145   -0.0060  -0.00600    0.0697  0.06970     4.59    4.51 window closed 291
   0.500      291   0.9280   0.9146   -0.0120  -0.00600    0.1393  0.06965     5.46    5.29 window closed 291
   0.300      291   0.9250   0.9149   -0.0200  -0.00600    0.2317  0.06951     9.96    9.43 window closed 291
   0.250      291   0.9180   0.9150   -0.0240  -0.00600    0.2777  0.06943    12.05   11.34 window closed 291
   0.180      291   0.9010   0.9151   -0.0330  -0.00594    0.3846  0.06923    17.78   16.49 window closed 291
   0.120      291   0.9020   0.9155   -0.0490  -0.00588    0.5739  0.06887    29.10   25.58 window closed 291
   0.090      291   0.8950   0.9157   -0.0640  -0.00576    0.7614  0.06853    38.90   33.13 window closed 291
   0.060      291   0.8890   0.9162   -0.0950  -0.00570    1.1308  0.06785    57.33   46.20 window closed 291

-- oos-guards-off c1815
   f            n   PF_usd     PF_r         E     E x f      Lbar Lbar x f    ddUSD     dd% exits
   4.000      230   1.4510   1.4074   +0.0030   0.01200    0.0082  0.03280     1.06    1.02 window closed 230
   2.000      230   1.4510   1.4085   +0.0070   0.01400    0.0164  0.03280     1.06    1.02 window closed 230
   1.000      230   1.3680   1.4074   +0.0130   0.01300    0.0328  0.03280     1.06    1.03 window closed 230
   0.500      230   1.3520   1.4061   +0.0270   0.01350    0.0656  0.03280     2.03    1.94 window closed 230
   0.300      230   1.3840   1.4055   +0.0440   0.01320    0.1092  0.03276     3.49    3.20 window closed 230
   0.250      230   1.3470   1.4061   +0.0530   0.01325    0.1308  0.03270     4.24    3.83 window closed 230
   0.180      230   1.3900   1.4059   +0.0740   0.01332    0.1812  0.03262     5.89    5.03 window closed 230
   0.120      230   1.3880   1.4064   +0.1100   0.01320    0.2705  0.03246     8.94    7.09 window closed 230
   0.090      230   1.4000   1.4066   +0.1460   0.01314    0.3588  0.03229    11.97    8.74 window closed 230
   0.060      230   1.3970   1.4073   +0.2170   0.01302    0.5330  0.03198    17.66   11.32 window closed 230

-- oos-guards-off c2000
   f            n   PF_usd     PF_r         E     E x f      Lbar Lbar x f    ddUSD     dd% exits
   4.000      230   1.8630   1.7631   +0.0110   0.04400    0.0142  0.05680     1.44    1.30 window closed 230
   2.000      230   1.8630   1.7651   +0.0220   0.04400    0.0285  0.05700     1.44    1.30 window closed 230
   1.000      230   1.8370   1.7645   +0.0430   0.04300    0.0569  0.05690     1.44    1.30 window closed 230
   0.500      230   1.7300   1.7638   +0.0870   0.04350    0.1136  0.05680     2.70    2.33 window closed 230
   0.300      230   1.7730   1.7633   +0.1440   0.04320    0.1891  0.05673     4.35    3.34 window closed 230
   0.250      230   1.6710   1.7632   +0.1730   0.04325    0.2267  0.05668     5.90    4.42 window closed 230
   0.180      230   1.7220   1.7630   +0.2400   0.04320    0.3141  0.05654     8.35    5.51 window closed 230
   0.120      230   1.7200   1.7628   +0.3580   0.04296    0.4690  0.05628    13.35    7.31 window closed 230
   0.090      230   1.7460   1.7624   +0.4750   0.04275    0.6227  0.05604    18.54    8.44 window closed 230
   0.060      230   1.7040   1.7619   +0.7060   0.04236    0.9260  0.05556    30.63   10.64 window closed 230

-- oos-guards-off c2200
   f            n   PF_usd     PF_r         E     E x f      Lbar Lbar x f    ddUSD     dd% exits
   4.000      230   1.4850   1.4312   +0.0100   0.04000    0.0240  0.09600     4.00    3.58 END_OF_DATA 1, window closed 229
   2.000      230   1.4850   1.4326   +0.0210   0.04200    0.0479  0.09580     4.00    3.58 END_OF_DATA 1, window closed 229
   1.000      230   1.4630   1.4322   +0.0410   0.04100    0.0957  0.09570     4.00    3.58 END_OF_DATA 1, window closed 229
   0.500      230   1.4180   1.4322   +0.0830   0.04150    0.1910  0.09550     6.01    5.14 END_OF_DATA 1, window closed 229
   0.300      230   1.4040   1.4315   +0.1370   0.04110    0.3177  0.09531    11.30    8.62 END_OF_DATA 1, window closed 229
   0.250      230   1.3680   1.4313   +0.1640   0.04100    0.3809  0.09523    15.25   11.11 END_OF_DATA 1, window closed 229
   0.180      230   1.3880   1.4309   +0.2270   0.04086    0.5278  0.09500    21.60   13.92 END_OF_DATA 1, window closed 229
   0.120      230   1.3730   1.4300   +0.3390   0.04068    0.7884  0.09461    35.95   18.77 END_OF_DATA 1, window closed 229
   0.090      230   1.3570   1.4291   +0.4490   0.04041    1.0469  0.09422    51.32   22.67 END_OF_DATA 1, window closed 229
   0.060      230   1.3250   1.4273   +0.6660   0.03996    1.5577  0.09346    88.04   28.91 END_OF_DATA 1, window closed 229

-- oos-guards-off c1400
   f            n   PF_usd     PF_r         E     E x f      Lbar Lbar x f    ddUSD     dd% exits
   4.000      236   0.8840   0.9187   -0.0020  -0.00800    0.0184  0.07360     4.59    4.47 window closed 236
   2.000      236   0.8840   0.9188   -0.0030  -0.00600    0.0366  0.07320     4.59    4.47 window closed 236
   1.000      236   0.8450   0.9195   -0.0060  -0.00600    0.0733  0.07330     4.59    4.51 window closed 236
   0.500      236   0.9470   0.9189   -0.0120  -0.00600    0.1463  0.07315     5.07    4.89 window closed 236
   0.300      236   0.9430   0.9192   -0.0200  -0.00600    0.2433  0.07299     9.27    8.70 window closed 236
   0.250      236   0.9480   0.9194   -0.0240  -0.00600    0.2916  0.07290    11.77   10.83 window closed 236
   0.180      236   0.9210   0.9194   -0.0330  -0.00594    0.4039  0.07270    17.75   15.98 window closed 236
   0.120      236   0.9240   0.9196   -0.0490  -0.00588    0.6030  0.07236    27.40   23.31 window closed 236
   0.090      236   0.9320   0.9198   -0.0640  -0.00576    0.8001  0.07201    37.83   30.01 window closed 236
   0.060      236   0.9280   0.9199   -0.0950  -0.00570    1.1892  0.07135    56.45   40.84 window closed 236

